0.000000000000000000e+00,1.997170859799166465e+01,5.000000000000000000e+01
1.010101010101010083e-01,1.994340004130815558e+01,5.000000000000000000e+01
2.020202020202020166e-01,1.991507431954599028e+01,5.000000000000000000e+01
3.030303030303030387e-01,1.988673142229538371e+01,5.000000000000000000e+01
4.040404040404040331e-01,1.985837134196751208e+01,5.000000000000000000e+01
5.050505050505050830e-01,1.982999406848560398e+01,5.000000000000000000e+01
6.060606060606060774e-01,1.980159959143037796e+01,5.000000000000000000e+01
7.070707070707070718e-01,1.977318790037384488e+01,5.000000000000000000e+01
8.080808080808080662e-01,1.974475898488525516e+01,5.000000000000000000e+01
9.090909090909090606e-01,1.971631283452227024e+01,5.000000000000000000e+01
1.010101010101010166e+00,1.968784943883371241e+01,5.000000000000000000e+01
1.111111111111111160e+00,1.965936878737040061e+01,5.000000000000000000e+01
1.212121212121212155e+00,1.963087086967076189e+01,5.000000000000000000e+01
1.313131313131313149e+00,1.960235567526692080e+01,5.000000000000000000e+01
1.414141414141414144e+00,1.957382319368423040e+01,5.000000000000000000e+01
1.515151515151515138e+00,1.954527341444341104e+01,5.000000000000000000e+01
1.616161616161616132e+00,1.951670632705758024e+01,5.000000000000000000e+01
1.717171717171717127e+00,1.948812192103287799e+01,5.000000000000000000e+01
1.818181818181818121e+00,1.945952018587062682e+01,5.000000000000000000e+01
1.919191919191919116e+00,1.943090111106396023e+01,5.000000000000000000e+01
2.020202020202020332e+00,1.940226468610173072e+01,5.000000000000000000e+01
2.121212121212121104e+00,1.937361090046400491e+01,5.000000000000000000e+01
2.222222222222222321e+00,1.934493974362568025e+01,5.000000000000000000e+01
2.323232323232323093e+00,1.931625120505576376e+01,5.000000000000000000e+01
2.424242424242424310e+00,1.928754527421593323e+01,5.000000000000000000e+01
2.525252525252525082e+00,1.925882194056213592e+01,5.000000000000000000e+01
2.626262626262626299e+00,1.923008119354293299e+01,5.000000000000000000e+01
2.727272727272727071e+00,1.920132302260168444e+01,5.000000000000000000e+01
2.828282828282828287e+00,1.917254741717458444e+01,5.000000000000000000e+01
2.929292929292929060e+00,1.914375436669116937e+01,5.000000000000000000e+01
3.030303030303030276e+00,1.911494386057552930e+01,5.000000000000000000e+01
3.131313131313131048e+00,1.908611588824457783e+01,5.000000000000000000e+01
3.232323232323232265e+00,1.905727043910931684e+01,5.000000000000000000e+01
3.333333333333333481e+00,1.902840750257412239e+01,5.000000000000000000e+01
3.434343434343434254e+00,1.899952706803651026e+01,5.000000000000000000e+01
3.535353535353535470e+00,1.897062912488767239e+01,5.000000000000000000e+01
3.636363636363636243e+00,1.894171366251317679e+01,5.000000000000000000e+01
3.737373737373737459e+00,1.891278067029141496e+01,5.000000000000000000e+01
3.838383838383838231e+00,1.888383013759476725e+01,5.000000000000000000e+01
3.939393939393939448e+00,1.885486205378868974e+01,5.000000000000000000e+01
4.040404040404040664e+00,1.882587640823221520e+01,5.000000000000000000e+01
4.141414141414140992e+00,1.879687319027850023e+01,5.000000000000000000e+01
4.242424242424242209e+00,1.876785238927361732e+01,5.000000000000000000e+01
4.343434343434343425e+00,1.873881399455741814e+01,5.000000000000000000e+01
4.444444444444444642e+00,1.870975799546346607e+01,5.000000000000000000e+01
4.545454545454544970e+00,1.868068438131851039e+01,5.000000000000000000e+01
4.646464646464646187e+00,1.865159314144317548e+01,5.000000000000000000e+01
4.747474747474747403e+00,1.862248426515146704e+01,5.000000000000000000e+01
4.848484848484848619e+00,1.859335774175078271e+01,5.000000000000000000e+01
4.949494949494949836e+00,1.856421356054204352e+01,5.000000000000000000e+01
5.050505050505050164e+00,1.853505171082010605e+01,5.000000000000000000e+01
5.151515151515151381e+00,1.850587218187266458e+01,5.000000000000000000e+01
5.252525252525252597e+00,1.847667496298145196e+01,5.000000000000000000e+01
5.353535353535353813e+00,1.844746004342147216e+01,5.000000000000000000e+01
5.454545454545454142e+00,1.841822741246136275e+01,5.000000000000000000e+01
5.555555555555555358e+00,1.838897705936309279e+01,5.000000000000000000e+01
5.656565656565656575e+00,1.835970897338224717e+01,5.000000000000000000e+01
5.757575757575757791e+00,1.833042314376775650e+01,5.000000000000000000e+01
5.858585858585858119e+00,1.830111955976224181e+01,5.000000000000000000e+01
5.959595959595959336e+00,1.827179821060160947e+01,5.000000000000000000e+01
6.060606060606060552e+00,1.824245908551527151e+01,5.000000000000000000e+01
6.161616161616161769e+00,1.821310217372626994e+01,5.000000000000000000e+01
6.262626262626262097e+00,1.818372746445087174e+01,5.000000000000000000e+01
6.363636363636363313e+00,1.815433494689894545e+01,5.000000000000000000e+01
6.464646464646464530e+00,1.812492461027391144e+01,5.000000000000000000e+01
6.565656565656565746e+00,1.809549644377245414e+01,5.000000000000000000e+01
6.666666666666666963e+00,1.806605043658480270e+01,5.000000000000000000e+01
6.767676767676767291e+00,1.803658657789459241e+01,5.000000000000000000e+01
6.868686868686868507e+00,1.800710485687895712e+01,5.000000000000000000e+01
6.969696969696969724e+00,1.797760526270849013e+01,5.000000000000000000e+01
7.070707070707070940e+00,1.794808778454714115e+01,5.000000000000000000e+01
7.171717171717171269e+00,1.791855241155225897e+01,5.000000000000000000e+01
7.272727272727272485e+00,1.788899913287472287e+01,5.000000000000000000e+01
7.373737373737373701e+00,1.785942793765874725e+01,5.000000000000000000e+01
7.474747474747474918e+00,1.782983881504213741e+01,5.000000000000000000e+01
7.575757575757575246e+00,1.780023175415594849e+01,5.000000000000000000e+01
7.676767676767676463e+00,1.777060674412462049e+01,5.000000000000000000e+01
7.777777777777777679e+00,1.774096377406607061e+01,5.000000000000000000e+01
7.878787878787878896e+00,1.771130283309171105e+01,5.000000000000000000e+01
7.979797979797979224e+00,1.768162391030616121e+01,5.000000000000000000e+01
8.080808080808081328e+00,1.765192699480759941e+01,5.000000000000000000e+01
8.181818181818181657e+00,1.762221207568750714e+01,5.000000000000000000e+01
8.282828282828281985e+00,1.759247914203078267e+01,5.000000000000000000e+01
8.383838383838384090e+00,1.756272818291576243e+01,5.000000000000000000e+01
8.484848484848484418e+00,1.753295918741401849e+01,5.000000000000000000e+01
8.585858585858586522e+00,1.750317214459061788e+01,5.000000000000000000e+01
8.686868686868686851e+00,1.747336704350392367e+01,5.000000000000000000e+01
8.787878787878787179e+00,1.744354387320576194e+01,5.000000000000000000e+01
8.888888888888889284e+00,1.741370262274126191e+01,5.000000000000000000e+01
8.989898989898989612e+00,1.738384328114889854e+01,5.000000000000000000e+01
9.090909090909089940e+00,1.735396583746051391e+01,5.000000000000000000e+01
9.191919191919192045e+00,1.732407028070141308e+01,5.000000000000000000e+01
9.292929292929292373e+00,1.729415659989007281e+01,5.000000000000000000e+01
9.393939393939394478e+00,1.726422478403838667e+01,5.000000000000000000e+01
9.494949494949494806e+00,1.723427482215155493e+01,5.000000000000000000e+01
9.595959595959595134e+00,1.720430670322818045e+01,5.000000000000000000e+01
9.696969696969697239e+00,1.717432041626022610e+01,5.000000000000000000e+01
9.797979797979797567e+00,1.714431595023283705e+01,5.000000000000000000e+01
9.898989898989899672e+00,1.711429329412466060e+01,5.000000000000000000e+01
1.000000000000000000e+01,2.000000000000000000e+01,5.000000000000000000e+01
